Root: 1124 163 -500
key: 968.5 808 -456.768
value: 930 932 -494.09
value: 798 650 -417.064
key: 1007 684 -525.416
value: 1196 927 -604.726
value: 968.5 808 -456.768
key: 1058.5 463.5 -572.375
value: 1007 684 -525.416
value: 844 339 -576.572
key: 1110 243 -500
value: 1058.5 463.5 -572.375
value: 1145 336 -424.445
key: 1124 163 -500
value: 1110 243 -500
key: 1145 336 -424.445
value: 1199.5 449 -486.71
value: 1134 570 -362.156
key: 1199.5 449 -486.71
value: 1254 562 -697.426
value: 1364 336 -255.534
key: 1254 562 -697.426
value: 1464 597 -785.868
value: 1507 824 -600.883
